% A and B are nonsingular matrices
A =

    0.2638    0.1450    0.0760    0.0497    0.9001    0.4039
    0.1455    0.8530    0.2399    0.9027    0.3692    0.0965
    0.1361    0.6221    0.1233    0.9448    0.1112    0.1320
    0.8693    0.3510    0.1839    0.4909    0.7803    0.9421
    0.5797    0.5132    0.2400    0.4893    0.3897    0.9561
    0.5499    0.4018    0.4173    0.3377    0.2417    0.5752

det(A)

ans =

    0.0099

ludet(A)

ans =

    0.0099

B =

    0.3342    0.4799    0.5767    0.1679    0.6820    0.8175
    0.6987    0.9047    0.1829    0.9787    0.0424    0.7224
    0.1978    0.6099    0.2399    0.7127    0.0714    0.1499
    0.0305    0.6177    0.8865    0.5005    0.5216    0.6596
    0.7441    0.8594    0.0287    0.4711    0.0967    0.5186
    0.5000    0.8055    0.4899    0.0596    0.8181    0.9730

det(B)

ans =

   -0.0074

ludet(B)

ans =

   -0.0074



% C is a singular matrix
C =

    0.6490    0.1332    0.3993    0.4317    0.1981    0.7379
    0.8003    0.1734    0.5269    0.0155    0.4897    0.2691
    0.4538    0.3909    0.4168    0.9841    0.3395    0.4228
    0.4324    0.8314    0.6569    0.1672    0.9516    0.5479
    0.8253    0.8034    0.6280    0.1062    0.9203    0.9427
    0.6490    0.1332    0.3993    0.4317    0.1981    0.7379

det(C)

ans =

  -6.0201e-19

ludet(C)

ans =

  -6.0201e-19
